1243

110] 000010031010 (10011110, 3, 2, 6.
’ 10] 11001001110010 111011130100, 3, 2. 3.
10] 0011011010 eveo eeperenee, 3, 2, 42.
Foy 301100110 00110110 0100001100, 3, 2, 33.
10] 00100001100 (01110, 01 comment, 3, 2, 30. ,
110] 00110 11010 31110001101, 3, 20, l.
Foy 00110 moine de 1010111010 4, 13, 20.
10] 01301310 001110100, 3, 3, 1.
Ι 10] 00010 11011110, 3, 11, 1313, 17, 10.
110] regenero 1001011100, 3, 3, 1.
10] 300 1001011101, 3, 2, 10 0.
110] 30 Simon 1110310101, 3, 2, 10.
10] 300 8001110100 0110100000, 3,,2, 2.
110] 01001001001, 3, 3, 13.
10] 1011100 01 101 1011100 00101 100 8001110100, 3, 2, 3.
Prone-arbitro de l'homme 0101110 0110110, 1, 10, 3.
11010-0101110 30 11011110, l, 10, 8; 2, 2, 1; 2, 0, 1.

t Ο. ι

001101, 1, 5, 2.

0011ἰο010 001 100 01101, 4, 20, 12.

0011110, 01101110001101, 2, 11, 12.

. 010110 300 1130100 0010000010 110, 3, 20, 10.
010110 3001130100 011 ee 11101130, 2,·15, 4; 3, 13, 1.
00110110110 30 11131100, 4, 3, 3.

01000 30 11101001 11010110, 3, 21, 6; 3, 22, 1.
01030110 00011010, 0100 1110000, 4, 11, 13.
01030110 0100100111013001110300, 1, 11, 0.
0103011010110110111011, 1, 13, 1’1; 4, 3, 11.
01101100 00101011 1031111100, 4, 20, 11.

Η.

Heretiqneo 31110101110100 100 801110110113100, 4, 2, 0,
11ίο10101110 30 10 papante, 4, 0, 13.

Η1130010113 qui 00101030110 0001101110, 4, 11, 13.

Ηο1ιο10, 1, 11, 3; 2, 2, 11. ,

, Homieide 3010131, 2, 8, 33.

11011110 01 00 01001101, 1, 10, 1; 2, 1, 105 2, 3, 11; 2, 0, 18
111011110 001 0011110 11 00111 monde, 1, 0, 3.

l'Homme 010010100110100, 1, 10, 3 0.

100 Hommes 0011011010 t 3013010110110 01 00 monde, l, 17, 10.
110111οο1010 3011 00110 301300 0111131100, 4, 10, 23.

11011011 deu 0111 0000110110, 2, 8, 10.

Ηο1101100 01013 01 (111010000131100011010, 2, 8, 30.

11010 0000000 d’Honneur, 2, 8, 36.

Ηο1000, 1, 11, 4.

1111001010, qnele 01 11131100 01010110, 4, 4, 3.

Η11111110 1000000110 oux 1130100, 2, 2, 1. 11.

Η]00011010 011001100011110111110, 1, 1, 2.

Η]00011100 01 1001101110, 1, 4, 4.

11]00011100 01101110 prieree 011011110οἱ0 301011 0101, 3, 20, 23.

Ι.

boob 001101 d’uno 110 1110010010 01 000010100, 2, 10, 12.
13010111000100113011100, 1, 11, 1; 2, 8, 16 0.
0010101 opero. 101. lv. '

INDIOE ΗΕΒ 111111111Εὸ.

130101110 01001 origine, 1, 0, ll; 1, 11, 8. “

1001 00011010 01001 1111101010, 4, 15, 7.

1001 Βο011010 01001 offioe, 2, 3, 5.

1001 30011010 moyen 01110 10 110] 01 1111013110, 2, 3, 0.
1001 Βο011010 1101011 30 1111013110, 2, 3, 5.

1001 Βο011010 001011 Elio, 01 comment, 2, 3, 5.

1001111111 01001 11011, 4, 13, 3. ’

, 001101101001100011010, 1, 13, 0.

10001100, 3, 3, 2.
131000, l, 13, 23.

. 1310101οο 11001000 0011000110, 2, 2, 22.

mago de 001 en nomme, 1, 11, 3; 0, 10, o,

11110300 (010110οί0011 1101100 01 non, 1„11‚ 12.

1111101110 01 0101101101 qne 10 010130 e’eet attribnee, 4, 0,10.
11100011101 3001101110 01 1010011013οο Pretonrs, 4, 3, 10.
1110001110130011011001 e’est 8001011011, 4, 14, 20.
11311301000 0310101000 011 0000000010, 3, 0, 1.
11311301000 01 1011 origine, 3, 0, 0.

1103011111 001 10 moine 30 tono 11011, 2, 1, 4.
111011130100 0011011010 0100 ln foy, 3, 2, 3.

1110111010 1101100, 2, 2, 20.

1110100001010 300 8011010, 01 leur origine, 3, 20, 21.
1110001101 11011 30 10 10], 3, 20, 21.

11100011013010 t 1110011 Dieu, 2, 8, 16.

10000110, l, 8, 4; 2, 3, 12.

1011 31 0111010110 0111101 du 800001, 2, 8, 33.

, 101110 10 doivent estre observor 001 superstition, 2, 8, 31.

110 30 Dieu 1100310130 envers 100 100101101, 3, 20, 12.
110160, 1, 13, 27; 2, 6, 4; 2, 14, 1; 4 7, 7.

1000001011 001311101100101 10 monde. 2, 10, 12.

Irene 01001 peche, 3, 2, 31.

Iudae 00101001 100110 0111101, 010011ωο113, 24, 3.

Iudae 0 eommunique' 01 10 0010 30 0111101, 0100111011, 4, 11, 34,
11301010 3001011 en deux 001100, 3, 4, 31.

1130110ηο 0011110111031111100, 4, 20, 18.

10110 0011 100 premiere-noio en 1010111110 3011101, 4, 16, 14.
Inrement 001110 000000 31 0011100 30111011, 2, 8, 23.
1111011010 001110111010 0110 0011 1101100 01 101, 2, 8, 27.
1110110111 01 10110 1011100 11011000 01 1000111110, 2, 8, 24,
111103101101 001 double en l’homme, 3, 13, 15. ,
1111031011010001001001101010111 appartient, 4, 7, o, 4, 11, 1.
Inriediotion en 11131100, 4, 11, 1.

11010 01 so definition, 4, 12, 18.

11010 001101 ,01103111ωο 0110101110, 4, 12, 10.

11010 01001 usage, 3, 3, 17. ‚

11010 quand 0011000000110, 4, 12, 14.

111010 30 Moyse, 4, 12, 20.

11010 311110, 4, 12, 20.

Inone 3010010 Christ, 4, 12. 20. ’

1101100 300 00010100, 4, 12, 21, ,

1101100 30 0111101 ereptione, 3, 14, 12. ,

11101100 doe oeuvree ne 00 peut reoneillir 31 10]01, 3, 18, 1,
1101100 partiale 0011101100 001100 8001110100, 3, 14, 13.
1110111 11011]1, 1, 10, 3.

11110101, 1, 11, 3.

 

