' 1111

3333331333 311331 3313133 333 Auges, 1, 14, 9.
3333331333 31 1331 3313133 333 31333, ,1, 13, 3.
3333331333 1313131, 3, 10, 33; 3, 33, 3.
3333333 11333, 1, 1, 1. .
3311131316 33113 33113 33133 l'eleetion, 3, 33, 13.
31113313 3331 333133311313 (3331331313 oense de 13 31333333
. de 11133, 1, 1, 3. ,
3313313 1133333331 3113 3113313331 nous, 3, 30, 34.
33131 1133133 l’eleotion de 11133, 3, 34, 4 s.
33131 3331133133 3113 tontes 133 3311133 331 3333113333 le·
eus Christ, 3, 16, 19.
3313131 quatre 333333 d’ieeiny, 3, 14, 17. 31.
3313333 ee 13333331 33 333 33331313 33333333331 111111, 3, 30, 13.
3333111131 13 3313 33 Dieu, 3, 30, 41.
3111331333 peohe', 3, 3, 31. ’
33133 3311133133 13313 1331133 3113133116, 1, 14, 13.
33133 33111331 33 3133333133, 4, 17, 1. ·
33133 331 333313 33 311313 nome, 1, 14, 13.
33133 appele? 33311133 111333, 4, 3.
33133 1311111113 33 13 vengeenee de Dieu, 1, 13, 3; 3, 4, 3.
3313331333 33 11133, 1, 3, 3; 4, 14, 13.
33133 besongne e's 13313313331 oomment, 3, 4, 3.
33133 33 33311113 333 33113 veiente 31 3313133133 33 Dieu,
1, 14, 17; 1, 17, 7. ¹
33133 33 3311 33131 ie 7331133 selon 3311 13331311, 1, 14, 18.
331311 31 ee 633333, 3, 30, 47 ; 4, 1,1.11.13,; 4, 14, 19; 4,13,
19; 4, 16, 33; 4, 17, 13; 4, 13, 13.
3363331133 3331133133 331133 3331113133, 3, 4, 33; 3, 16, 4
33333313 331 333313, 3, 19, 11.
3333311133 3311331 estre 311131, 3, 19, 11.
Sohismetiqnes 331 proprement, 4, 3, 3.
333 moines 3331 33333133333, 4, 13, 14.
3313 3331311331, 3, 33, 6.
33133333 33 loix 33 tone 1133111133, 3, 3, 13.
33313333 33 religion 33 I’entendement 33 l’homme, 1, 3, 1;
1, 3, 1.
3333333, 3, 3, 3; 3, 3, 4.
Sene 3331 3133 3311133313, 1, 13, 6.
3331113331 33 13 1111131111 3331313 en 1331333331311133 1331111113,
133131
33311313 3 eireonoy 333 iile, 31 33331331, 4, 13, 33.
sepulture 333 Aneiene 31 33 313313331133, 3, 33, 3.
sepulture 33 Christ 31 ee signification, 3, 16, 7.
· 331131, voye: 11111111 Serve&
3311133 33 11133 33113 premier 1333313331 33 1331133, 3, 3, 11.
3311113313 31 1331 311133, 3, 3, 46.

, 3131131 3113113313 33 1333313333, 4, 13, 14 17.

311333 33313133 31331333, 3, 10.

31313313 31 33313316331133, 4, 3, 6.
31333313331333111313 33133 grande 31113333, 1, 3, 1.
33311313 3333333113 331 1133133, l, 9, 3. ·

33331 333 331133 33 1331133, 4, 3, e

331311 edere des Persee,¹1, ll, 1.

33133, 4, 30, 9.

3331313113 33 13 laoy, 3, 3, 11.

somme 33 1711333113, 3, 3, 1. 19.

11111103 1133 1111713333.

,1133

, 33333133133 33 1331133, 4, 4, 10.

3333313333 33 1333311313, 4, 19, 33.

313131333 3113313313133, 1333111131 13 33333313, 1, 13, 3.
333313111133 31 333 origine, 1, 13, 1.
3333133633331313313313 33 11313 religion, 1, 13, 1.
superstitione oomment 3331331 33113 331333 33 313333, 1, 6, 3.
33313313 333 Apostree, 3, 16, 13.

73313133 31 leur 113333, 3, 30, 3; 4, l, 3.

73313133 33 61333 11133131 3333313133 per Xerxes, 3, 30, 3;

73133133 31 1331 ornement 3333133, 4, 3, 13.

7331111133 3 diverses oepeeee, 3, 30, 46.

7331310133 333 31331113, 4, 13, 3. ’

7311311113, 1, 10, 3; 1,13, 6. 33; 3,14,7; 3, 30, 43; 3, 33, 7;
43334η3

73313313311433133 eonferme' 331 13 moyen de 0111131310, 4

7311331333 11311 31 3331333 33 quoy eemblebiee, 3, 10, 1.

Theodoro 3133333, 1, 11, 14

, 7113113333 3133333 33 Μ113, 1, 11, 13.

73333333 3133313313 reeognu 33 iente en 333113, 4, 13, 7.
7113313313 dee Pepes 31 0111313331, 4, 7, 37.

71131333 d’Aquin, 3, 3, 4; 3, 33, 9.

7111333133 11131133 33133133 3331111333, 3, 3.

73113313 31 son origine, 4, 19, 36 3.

7133333331331131133 3331133133 331 loe 3331113133,4,17,13. 1413.

, 7113313 3331331 33113 33331 3317113333, 4, 30, 13.

7113113 333 personnee 33 11133, 1, 13, 1. 3. 4
7113131133 333313, 3, 3, 7; 3, 4, 3.
73133 31311331 333 13313 33 1133 33 my 11133, 3, 6, 4.

7.

Veiis, 3, 33, 6.

Varro, 1, 11, 6.

731133 333133333 311331 3311331, 4, 13, 13.
73111313331133311313331, 1, 14, 14.

7333331133 3311 3311313133333 11133, 3, 3, 37; 4, 30, 30. Ι
731113 31 miserieorde 3331 33313133133, 3, 13, 4

713 de l'homme eet 11131163 33 11133, 1, 16, 9; 1, 17. 4.
713 presente 331333 benedietion 33 11133, 3, 3, 37.
713 31333313 3313113113 3113133, 3, 9, 3.

713 ohrestienne, 3, 3, 30; 3, 6, 1.

713 eterneile 33113 331 33 tone 1133133, 3, 10, 11.
713313133113 eet 3333133 1333133 gnei-don: 31 33313333, 3, 1331.
7313113, 1, 3, 3.

Union hopostetiqne, 3, 14, 3.

73331133 3 3331 3333333, 3, 34, 3.

73331133 33313133 1313311333, 34, l 3.

73331133 333 3113333 3311 eetre 3331133133, 3, 10, 6.
73331133 333 fideles et 333 but, 3, 6, 3; 3, 33, l.
73331133 333 3331113, 3, 11, 11 3.

73331133 dee Pestenrs gist en 333113 3113333, 4, 3, 11.
7333 31 es signifleetion, 4, 13, 1.

7131 33 3311331, 4, 13, 13.

7133 33 1331111111, 4, 13, 3.

 

