263 INSTITUTION CHRESTIENNE. ’ 264

condemnere: si io me 6066 dire iuste, 6110 60 prou· s'esgtyunt, et 66 16166660 61606166 effliges 01106
6066 60601661 (101 9, 20). 066 16 0060161616 060 povres, 011006666006060616611106(6001.3,11. 12);
1616011 10 Ρ6001010 60 606 10606, ¹) u'sppartient 6ιο demonstro-il 066 0161666061 061 6061 106 hum·
point 6 66 610010 seulement, 6616 communement 6 11061 66666016, 0616061 affliget 066 16 000601666600
106666066,0’66106010660610666 00660160116 es· 66 1066 00660161 Α6006166160,11 610616610606·
, 66 chacun 6 6601166 06 66 6000 (16. 53, 6). 0661110666 066 0066 061 s'esguyent: 066 66 060106
66 11 00606066 16 1066 ceux 66606616 601106166 hommes 661666 66 0606006116 061 00661666 66 s’cs-
0066661ου60 1606660606666601106. Or 16 ri- guyor: 1166661600, 11 66 161660 6166 666166611οε
06666 60 0661 examen 66 6011 00666606661660606 6 0611 6061 666606, 61606 16 60610 6606066600 06 11106
oe qu'elle 6066 611 606166 6661) 6610660606160 Ρ660111660616616616, Aqui 600666066010, 61606 66
6066 mesmes, pour 6066616006666660660161606666 00660, 16166 01 afflige 66 606 660611, 61 0611666110
de Iesus Christ. Cur celuy qui 00660 06166 capable 6666 066011661 1116600161, 10 80106066 166101
d'en 10606, sinon 061166 601160616 60 10610 166· 661066, habitent 06 606 616000106601, 1611166106 66
tesso 60 60666, 60 160600 0666606661 Ceste 606· 6606666666, 06106606106661 6600 106 16661106 61
16600 061 6010160, 066 11106 0661066 106 6060111666, affliges 66 leurs 0606116, 611660 6161666 1060611 606
0160660 06606 6661661106 (1Ρ166665, 5; 160. 16661106 61 10 ooeur 666 affliget (16.66,2;51,15).
4, 6 . Quand nous 00066 166160 101616 606 6616101106, ¹)
6. ³) 111616 0661 661 16 moyen 66 6066 16611106, 11 60661661 06166660 00666 660 01600 6061 10 60066
sinon qu'estnns 66 1061660606 61006606, 6066 606· 6011 tellement 66666, 060 1061 l’homme 06 6011 61-
61066 1106 616 misericorde 60 111061 066 10 6’60- 1616 06 terre 6666 60 0066016 0610666. Π 061106016
06110 066 Η66611116, si nous 0066066 66016 quelque 060 606160 60066 6011 66666 d'une 10110 6111101106,
chose 60 606166. Ε1661611, 06 6 06661066 06600 611) 6066 6061066 66166 exultes 6600 les humbles.
666661 660 1000061616 0066101066, 66 00610106661 Si 6016 60 60 1611, 6066 666066 humilies 066 16
006 deux choses: qu'il 6066161101160611616661106061 6616 061666610 60 11106 06 606160 confusion 01
66 6066 devant 11106, 01 66016 6666160166 606166 1606161)
1661106 06 0601066 estimo. car 61 6066 0061666066 1. ⁴) 1166661606,606166106 Μ616160 606 006-
661666061 666661 Dieu que nous 60 0066066 06 1061 66 06601106, 6066 6600616106 660 6161111660,
606160 01666, 6066 160 6661066 16066666661. ⁴) comme 06 66 1611666, 16 6660616600 6166611116
066066 66 0066066 066 606116 60 6066 60666011 066 11 6066 0600066 10 Ρ61110616, 100601 60 106661
’ 6006611061, 0660 106100 061 semble 66616 06160 ex· 10160, 616’0666100161106061660666661661, 6600
- 061106166 6066, 60 6011 66116606061 616 sous 100166. grans 00616606666 0616 66 00610 serto: Seigncur,
Quand nous 00066 6060 60 16106010 66 Ρ60016010, 6016 600 0600100, 6 600 061 6616 00666 0001066
066 10 661610616006661116 oux 16611661) (Ps. 18, (Luc 18, 13). Νο 0666066 00161 066 00 600061610·
28); 6661660661, 66616061660661660606066111666ε nes d'une modestis 161616, 0611 n'ose 66066606 10
premierement pensons 066 6066 666066 661 66066 0101, 600600166 0606, 01 qu’en 16600661 66 001016160
6 66161, 61606 66 6066 6066116616610610606011, 11 60 00610660 peohcur: 661606 6061166601066006
61 06 0666661 66600 humilite: secondcmcnt, quo 60 1611001106 66 60666. 11060006060166166 00616
00616 16611116 n'est 00161666 60606116, 066 16060116 16 Ρ166616106, lequel rond 066006 611106 60 000611
6066 quittions 66 6061 0011 66 nostre 66011 0066 6’661 00161 161 060 106 661666, 166606, 06 1616610, 06
6066 611616666 606661 11166, ⁶) (comme nous 60061- 06111666 0611 16666 deux fois 16 66066160, ⁶) 01 60660
1066 66160106 hommesceux-lt humbles, 061 66 s'cs- les 6001606 66 1066 606 11066. Π 00616660 0660610·
106061 066 06 fiuntc, 61 60 desprisent 00161106 661606, 6061 0611 11061 6616661100 6616 grace de Dieu:
0061106 06116 60 0666661 661016 0601060 01060 :) 6616 006600 0611 66 606110 66166 iuste 0661666666,
. 6616 060 c'est une 661601106 60 606160 60066, sens ils'en retourne 6106166116 6 Dieu: sucontraire, lo
scintise, 0606666610 d'un droit sentiment 60 606166 Ριι1110616 061 16611116 066 16 6006016666οο 60 606 ini·
661606661οο606, 6061606160 ooeur 601161661 611616. 06116. Nous 0066066 601660 0016, 60661166 0610161·
066 1166611116 661 61661 deserite tousiours 661606- 66610 6 11166 606160 16611116, tellement 0666 ooeur
60110 60 Dieu. Qusnd le Seigneur 06616 61661 066 n’est point 0606116 60 66006016 16 misericorde do ’
80010610, 10616660 66 611106 60100 1061160660 11106, 0611 66 6011 66066 66 toute opinion de 66

l) Le 10116 voute: 60 1666010. 1) 6116116606, 1616116611.Ι contritionis 60606.

2) 1010616 siculo: 16666 (consternationem). 2) Le 16616 0106106 iuxta Dei 6061061166.

3) 1541 p. 368; 1 0.514; 155166. 01. X.§.20. 3) 0110610, ne 66160606οα6 6066 106 e'dd. autema
4) 1541 ss: moschsmmeut 61160.

5) 666 16661166, lc 16116 dir: humili 000610. 4) 1141 p. 363· 15410. 5753 1551 ss. 611. X. ξ. 21.

6) 0066 6066 611616606 6666111166, 11061066 mle 10116. 5) 16 sencino, le 16116 porte: in sabbatho.

 

