1253

OEuvres ne iustifient 221221 l’homme, 3, 17,'ll.

(1122222 1212 oheir procedent du psehe originel, 4, 15, 10. ,
(Eoi-res de supererogation, 3, 14, 14.

Ι(1122222 etlenr 1221122, 3, 18, 1.

(1122222 bonnes 21222221 12 12 grace de Dieu, 2, 3, 13.
(1122222 1222222 2122222221 12 12 122, 4, 13, 20.

101122 12 2221222 221 different d’svee celuy dn 221222, 4,11, 3.
efficiam, pourqnoy 22122222, 4, 11, 7.

0221122 extreme n'est point 2222222221, 4, 19, 18.
0221222 2122 signification, 3, 20, 2.

0221222 2222222122 2 1222 112122, 3, 20, 2

0221222 utile su diverses inaniores, 3, 20, 2.

0221222 comment doit 22122 12112, 3, 20, 4. 8. 11.
0221222 dominicale 2222222, 3, 20, 36.

0221222 2222 1212222122122, 3, 20, 7.

02212222 publiques ngreebles 1 Dieu, 3, 20, 29.

02122, 2222222221 contronve 122 Sohelestiqnes, 4,1e, 22.
Orgueil 22222122 22 l'hemme, 1, 1, 2.

, Orgneil eommeneement de tous meur, 2, 1, 4.

· Origene, 2, 2, 221, 2, 2, 17; 2, 2, 22; 2, 22, 2.

02122122 refoti, 1, 15, 3. 5; 2, 12, 5 22.; 3, 11, ὀ; 3, 11, 11.
0222, 2222 croire, 3, 2, 6. ’
02112, 1, 15, 3; 2, 2, 23
Ρ. ’,
12111221122 221 2221222222, 2, 8, 41.
1212 2222 122 2122222 2222222222 i 12 212 12 22222, 3, 20, 44.
1212 prend 12 nom 12 22222 1212222 Christ, 4, 17, 20.
1212 2222212212 12 122222122122 122 2221222, 3, 13, 4.
122222 nomme 2122122 12 12222 (1122121, 4, 6, 2.
1222 2212212121, 4, 7, 21 2.; 4, 9, 4.
1222 s'sst 222212111 12222122 d’Oeeident, 4, 11, 14.
1222 2222222221 2 este' 1221 eslere, 4, 7, 1.
Paphnutius 21222 opinion 1222122112 02111221, 4, 12, 26.
12212122 singes 12 Iesus (1122121, 4,19, 29.
12212122 2221211222221 122 imsges 21 comment, 1, 11, 15.
12212122 ignorent Iesus (1122121, 2, 15, 1.
12212122 21 leurs 122222, 4, 12, 21.
1222112 2222222212 2211 12112 212212, 2, 14, l.
1222112 est 12 1221222221 (12 12 foy, 3, 2, 6. 29; 3, 22, 10.
1222112 12 Dien 221 2222222212 2 la 22222222, 21 pourquey,
4,14,11.
1222112 1211122 doit 22122 seule ouye 22 l'llglise, 4, 8, 8 s.
1222112 1211122 221 quelquesiois envoye‘e eux 222222222, et
pourquey, 2, 5, 5.
1222112 12 11122 1211 122222222 22 222 entier, 4, 9, 2.
1221222 21 Eleosque, 4, 3, 8.

’ 12212222 22 l'Eglise, 4, 3, 4 2.

12212222 2112212222 22222221222 22 l’hlglise, 4, 3, 4.

12212222 21 1222 effice, 2, 8, 46ς 3, 3, 17; 4, 1, Le. 22; 4, 3,
6; 4, 8, l; 4, 12, 2. 11. 14. 17.

12212222 21 1222 2221222222, 3, 4, 14

ψ 12212222 211222222211222, 4, 3, 11.

12112222 2222222122 nux fideles, 3, 8, l; 3, 20, 52; 3, 25, 1.
121Ξί2ἑῖ2681ξ (8112121211222 221 differente d'svee 22112 (122 philo·

[Nolon DES meluens,

Petrierehes 22 l’Ilglise, 4, 4, 4.

Ι122222 2112222 12222122 profanes, 4, 1, 5.

Peeges 2221 122 2222222 122 princes, 4, 20, 13.

122122 21212212, 1, 5. 8; 4, 15, 10.

Peehe' 222122 12 221221 1122211, 3, 3, 22..

Peehe' 22212122122 122 2221212122, 2, 8, 58.

1221122121 2212222121 12 222, 2, 8, 59.

1221222 22 1222 2222222, 4, 12, 3. 6.

1221222 2221 2222122 debtes, 21 peurqnoy, 3, 20, 45.

1221222 122 22222 222122212 e's 221222, 2122222221, 2, 3, 19 s.
1221222122 8212212 2221 2221212, 2, 8, 59.

, 1221222 22 22 22212222212212112222 l’Eglise, 4, 1, 20.

12212222 22 2222221 nombrer 222 12 menn, 3, 4, le. 18.

Peeheurs pour gens de 2222222122 212, 3, 20, 10.

Pelagiene heretiquos 2212122, 2,1, ὃς 2, 2, 21; 2, 3, 7; 2, 7, 5;
3, 22, 8.

1221122222, 22222 1222212222. ,,

12222 sous l'Aueien Testament, 2, 7, 16, 2, 9, 1, 2. 4; 2, 10,
2;2,11,2;2,22,14;114,22.

1221221122 12 l’Eglise, 4, 8, 12.

1221221122 122112122, 3, 17, 15.

1221221122 12 lagny, 3, 17, 15.

1221222 221 2222221212, 2, 8, 24.

1222212111 12 11121122, 2, 15, 3.

12222221122 pour 1221122, 3, 8, 7. ¹

122222 2122222221 12 821211, l, 11, 1.

122222222222 22122 122 12 Dien, 2, 3, 11; 2, 5, 3.

122222222222 221222222 222 221222 seulement, 2, 3, 11.

12222222 2122 signifiestion 22 11122211222, 3, 23,10.

Ρ2222222 22 Dien, 1, 13, 6. .

1222222222 12212 22 222 esseuee 12 Dieu,1, 13,1.

12 Penple 2 2212 22 121221122 122 1122222222, 4, 4, 11.

Ρ121122221222 21 1222 2212122 122212221 12 1222-22121122, 2, 2, 3.

1122222 12122222212 siege romain, 4, 7, 17.

221221 112222 n'evoit point de seigneurie 2222 122 autres spes-

’ 1222,4,6,5Ἰ

221222 112222 2’2 22121 2212 's Reme, 4, 6, 14.
11212 12 1112222222, 3, 2, 32.
Pighius heretique, 3, 2, 30.
Platon philosophe, 1, 3, 3.
112212, 1, 17, 3.
1121222122, 1, 3, 3. 1
Poliee entre 122 0122211222, 4, 20, 3.¹
121122 eeelesisstiqne 22 1211 22122 2222221212, 4, 10, 21.
Portos et le 2212 qu'ou 1211 avoir 1222, 4, 3, 8.
1221221221122 qne signifie, 3, 21, 1).
12212211221122 221 ehoss 122212 21 11112112 e eomprendre, 3, 21, 1.
12211221122 12 1112222112 221 aussi eommnne eux 2222221222,
3, 24, 1. ’
122222211222 122 12212122, 2, 2, 27.
1222212222 22 Dien qne signifie, 3, 21, 5.
12 12222222 12 Dien espovnnte les hommes, 1, 1, 3.
12221222 222211222 2212 2222211, 4, 5, 9.
12122 2222 222222, 3, 20, 7.
1212222 122 1222221122 22221 abominsbles 1222210122, 3, 20, 23.
1212222 122 82122121222222222, 3, 20, 21.
79*

 

